 1.0      2494.      2476.
 2.0      2516.      2769.
 3.0      2542.      2567.
 4.0      2577.      2773.
 5.0      2418.      2587.
 6.0      2477.      2732.
 7.0      2556.      2720.
 8.0      2581.      2475.
 9.0      2379.      2569.
10.0      2457.      2615.
11.0      2563.      2536.
12.0      2458.      2307.
13.0      2585.      2444.
14.0      2648.      2556.
15.0      2646.      2493.
16.0      2539.      2247.
17.0      2210.      2417.
18.0      2277.      2394.
19.0      2256.      2553.
20.0      2259.      2323.
21.0      2180.      2416.
22.0      2446.      2404.
23.0      2137.      2326.
24.0      2464.      2090.
25.0      1886.      2536.
26.0      2302.      2289.
27.0      2142.      2481.
28.0      2295.      2302.
29.0      2229.      2444.
30.0      2515.      2787.
31.0      2139.      2488.
32.0      2422.      2277.
33.0      2046.      2393.
34.0      2398.      2293.
35.0      2212.      2276.
36.0      2561.      2393.
37.0      2225.      2333.
38.0      1990.      2551.
39.0      2243.      2162.
40.0      2378.      2215.
41.0      2444.      2345.
42.0      2515.      2393.
43.0      2258.      2607.
44.0      2425.      2545.
45.0      2506.      2329.
46.0      2573.      2312.
47.0      2372.      2456.
48.0      2582.      2676.
